100
5309 4808
3477 1760
5267 4611
6221 3499
5045 1484
4236 2484
3316 3625 6512 2238 6004 4088 5318 1835 4480 1898 3790 2293 5980 3952 6001
1273 6047 2187 5717 3042 3017 2830 6595 2904 4353 3846 6613 2928 6507
3768 6170 2471 6944 2988 5180 2028 4290 2693 5790 4318 3144 2867 4567
2342 3319 3226 4846 1008 5113 2540 4381 4623 5073 4090 3694 3950 5792
3502 4632 1028 3993 1778 6262 1678 5853 2889 3692 3515 3635 4224 3144
2848 3923 2322 4490 2563 4761 1848 5836 2991 5690 3458 4036 1794 5900
2170 4130 1326 5672 1575 6514 2019 5443 3894 3976 4474 6157 3937 5487
4613 3542 4200 3758 2411 6888 3422 5012 2762 6050 3947 4547 2872 3730
1657 6660 1924 5750 3787 5838 4176 5583 1058 4992 1592 4977 3316 5141
2108 4080 3331 5556 1554 3944 3942 5011 1377 3373 1889 5138 1616 3698
2121 5060 2840 4727 3984 5723 1371 4078 1509 6533 3370 4616 2133 4824
2918 4361 1348 5470 1836 3744 1415 4171 3047 4089 4071 6421 2138 6779
4180 5679 4979 4320 4979 3220 4180 2800 2887 3220 1593 4320 794 5679
794 6779 1593 7200 2887